100
2 1
100 20
200 10
2 2
100 20
200 10
3 2
100 10
100 10
100 10
4 2
9 3
7 1
10 1
8 4
5 3
14229 328328
280891 16632
493272 9471
48708 95914
507416 9207
9 5
196707 34632
20387 334152
9828 693158
752913 9048
510748 13338
55944 121771
11951 570024
63973 106488
30856 220779
3 2
546099 979269
635581 82783
543049 904701
6 4
345053 261644
200213 450925
107704 838233
196419 459635
592831 152288
562047 160629
10 4
372244 187842
317392 948463
469886 610410
871800 839892
867928 763355
747791 77446
477718 944057
738883 107830
128665 664232
730557 606459
4 3
439552 182020
526880 151851
175666 455451
131043 610542
5 3
94968 331141
72691 432623
39868 788798
105381 298420
204649 153667
10 10
1000000 1000000
1000000 1000000
1000000 1000000
1000000 1000000
1000000 1000000
1000000 1000000
1000000 1000000
1000000 1000000
1000000 1000000
1000000 1000000
3 1
20364 2622
24960 2451
208996 21
3 1
142252 616174
122541 715287
237085 369707
6 2
25477 2881
246804 72
274663 100
21606 2086
22485 2709
25055 2819
9 6
128975 290762
61283 611932
215072 174365
390652 95996
67078 559066
796234 47098
513333 73054
78810 475841
49543 756939
4 1
27421 2480
236088 87
20405 2300
29453 2445
6 4
47502 309468
28536 515151
417339 35224
180264 81549
883116 16646
811188 18122
10 5
18455 19
3099 364368
3230 384917
13984 32
3655 339106
19967 47
3892 344424
3121 373665
3937 368992
3090 357208
6 1
3260 337712
18324 41
3311 396426
3312 372277
3602 305692
16250 69
4 1
3208 368455
3078 373207
3638 331950
11611 48
2 1
788420 675413
985382 31961
5 1
14318 36
10159 8
3808 341770
3764 380559
3405 343546
8 2
123389 276802
786187 43443
130027 262671
498778 68476
54728 624074
762833 44773
409593 83386
75870 450169
8 5
501596 160423
500373 435300
187265 537229
939906 653491
928996 709534
886611 460862
587051 881928
490476 454150
3 1
27286 2739
233968 68
26727 2584
7 3
119263 938705
9508 448816
333937 347124
88878 200060
969785 410660
988369 496708
685601 74359
3 2
3781 322164
13101 23
3763 372901
8 2
86770 396828
774501 44458
860174 40030
156152 220508
40030 860174
59957 574291
48436 710892
255711 134655
6 1
22028 2319
25201 2285
22511 2660
26941 2022
205061 93
235039 39
4 1
25938 2752
28529 2084
292492 17
20664 2531
7 1
18858 59
3448 397992
3004 346434
3106 319793
3335 390988
3793 363956
13921 24
3 2
140868 59334
31992 261261
420732 19866
2 1
168132 387233
143963 452243
10 4
960486 752245
62294 160252
663660 742975
269224 686736
932040 570151
513075 74807
875174 111326
963523 459855
420500 270587
612732 396060
7 5
59125 464263
251358 109205
84546 324670
40753 673559
63010 435638
128136 214222
563241 48735
2 1
132866 364559
52037 930828
3 2
44118 565964
102942 242556
142158 175644
8 5
121923 79464
487692 19866
19608 494109
134757 71896
445284 21758
32637 296856
272118 35604
754908 12834
6 4
362748 84042
33411 912456
214452 142158
34314 888444
343656 88711
100233 304152
9 5
3591 344176
12884 89
3454 337693
12636 39
3907 382396
3507 357197
3291 356227
3145 312059
3476 381938
5 2
95412 795488
272630 278396
673324 112723
105966 716259
142188 533794
7 5
14892 29
3195 331386
3908 355162
16057 15
3299 365296
3070 337015
3592 333208
3 2
33292 731538
138852 175398
26404 922374
3 2
32338 526932
156009 109224
17612 967518
7 2
449568 198697
145396 614376
517084 172753
456859 195526
208804 427807
229946 388473
136552 654167
2 1
521810 73516
860140 44599
6 4
350427 95976
170478 197284
155144 216783
147963 227304
698148 48174
681318 49364
4 3
348389 693160
299046 83378
172415 159642
367806 954571
8 3
519549 136724
663969 547853
883642 317431
704200 856446
101478 943464
136992 732214
669829 696896
977535 71651
2 2
415896 74907
148092 210366
7 3
25648 2849
23524 2762
24756 2994
264736 77
25686 2206
203453 56
29974 2612
9 5
238392 35061
35061 238392
981708 8514
33669 248248
97266 85932
970424 8613
194532 42966
370359 22568
385671 21672
4 3
15733 31
3546 304336
3653 399943
3565 372490
3 2
193228 508360
444950 220765
555031 176980
9 5
142560 738731
585301 648625
931328 720242
853040 762639
919336 97487
352644 303665
411899 409823
468793 152329
790275 591417
4 3
518814 104748
191142 284316
331702 163836
154413 351944
6 4
3095 391696
4000 360321
3037 308535
15451 25
3249 373985
18948 78
2 1
23639 2584
259522 9
9 5
22044 2028
26698 2272
25350 2151
286528 36
20870 2674
21735 2715
241164 96
29802 2801
21320 2120
4 2
178801 78496
648427 205862
736292 151112
853706 540754
4 3
988270 534355
170019 334137
873246 644557
561143 827558
9 2
141248 532435
39087 143358
809797 44024
270069 286614
751517 324864
449639 470346
983925 758163
821343 58293
291431 703958
2 1
459852 315072
451382 551231
5 3
21487 2227
280652 19
22655 2595
23306 2378
236806 72
8 4
125283 690938
164315 526810
272716 317410
878810 98500
87752 986448
603410 143456
222779 388559
118224 732193
5 2
3627 313050
19643 57
3468 322936
3479 346140
15716 44
9 4
281811 80
21271 2222
22634 2443
260054 75
28363 2753
25438 2767
23520 2277
25220 2744
24556 2407
6 4
89096 545751
106488 456617
61992 784363
545751 89096
135198 359652
104748 464202
5 3
41769 140008
43956 133042
220779 26488
378658 15444
92106 63492
10 5
24008 2334
215166 83
24520 2163
246298 14
23212 2161
201128 27
26865 2973
22009 2210
23434 2624
24000 2652
9 5
22127 2458
24033 2853
28429 2544
235214 77
22360 2813
20435 2859
25822 2027
234797 96
28802 2518
3 2
3528 308413
3499 306992
12278 33
7 4
26404 750006
150552 131537
215004 92106
324392 61047
719304 27531
102942 192372
904419 21896
8 5
15418 49
3059 388978
3972 302787
3513 336091
3793 311193
3769 308901
3314 304976
14914 61
9 6
456470 81015
101478 364423
736261 50228
51543 717477
161364 229177
829857 44563
86241 428809
561909 65813
202317 182787
9 5
336908 16254
6622 826956
239382 22876
25389 215688
9804 558558
251937 21736
214396 25542
15444 354578
116831 46872
6 3
3589 387975
3797 394143
17072 88
14438 40
3604 358153
3977 322022
8 5
76923 84968
845208 7733
15093 433048
55341 118104
44118 148148
17501 373464
25542 255892
658008 9933
3 1
566507 650939
931093 871507
932626 839807
10 2
865962 417010
324747 43466
342875 132380
195837 562959
224619 74693
557240 401446
886286 200417
494113 710614
250980 641421
816486 113589
7 3
22638 2721
26928 2627
25733 2650
202700 100
20677 2955
29753 2148
201769 18
7 2
23037 2139
22552 2751
272101 82
27411 2826
22291 2726
268119 22
22127 2943
10 2
639902 439071
955038 765815
458293 360109
572197 937425
577169 861847
772955 764388
44188 699161
582813 194807
351516 517973
673590 385407
4 3
3605 338156
3963 371465
3682 327721
10550 60
10 6
461062 161182
221915 334880
179427 414179
242956 305878
101982 728706
553589 134242
809601 91792
249824 297469
97872 759307
143926 516341
8 3
210187 168665
360269 98402
270129 131238
193588 183127
121812 291032
63799 555670
74924 473162
316359 112060
6 2
787781 40521
546240 350205
254692 914968
191174 181609
487609 497531
105698 420880
5 1
19080 74
3278 300723
3719 353196
18378 45
3498 396435
10 6
64047 267754
801149 185909
481033 545682
12944 420565
44545 769058
958108 57487
323348 815285
534461 244297
785434 264450
231308 254854
7 2
20546 2811
28975 2268
296253 28
26411 2980
25666 2884
275039 37
24324 2337
9 5
17210 10
3724 333335
3750 337848
3544 316008
3129 341316
3373 397589
14149 73
3344 338428
3395 301104
10 4
3748 317561
16551 58
3361 398002
3130 388864
13216 100
3885 366154
3767 327727
17026 79
3208 397940
3021 315486
9 5
858452 81918
197284 356454
444276 158286
295926 237636
888552 79143
474858 148092
666414 105524
84952 827793
480438 146372
7 1
26714 2845
20260 2750
24547 2425
215503 18
278019 13
25285 2959
21765 2006
4 1
923288 807769
479562 923674
619563 193435
193959 643320
6 4
3585 368491
3764 322275
16548 26
19107 99
3271 393784
3055 313366
5 2
956981 19381
190490 97366
51425 360666
43970 421816
318151 58297
8 4
26935 2416
21772 2531
235587 30
27891 2436
29576 2849
283109 40
29463 2044
22497 2263
1 1
1 1
