100
2 1
100 20
200 10
2 2
100 20
200 10
3 2
100 10
100 10
100 10
4 2
9 3
7 1
10 1
8 4
10 7
3034 301141
12645 20
10107 49
3096 386337
3358 376025
14068 70
3447 343202
3732 330846
3985 386897
3615 352771
2 2
162282 138852
163096 138159
7 1
206786 478683
389815 253928
519140 190671
181237 546163
244805 404342
455948 217097
143413 690209
8 5
3708 315035
3287 378981
3486 378219
3550 398369
14363 91
3170 326880
3847 362103
16032 79
10 6
57646 304668
890568 19721
767676 22878
115661 151848
104377 168264
638001 27528
345876 50778
36408 482391
106764 164502
643188 27306
5 3
274155 6
24071 2694
244222 88
29095 2625
28380 2498
8 4
448964 463962
786314 608350
110718 874643
87453 957017
844103 309069
899170 254720
482730 201036
132536 460280
8 2
3596 358196
14216 9
18210 97
3133 349024
3100 328614
3712 322085
3754 327533
3078 336696
7 2
3216 361305
17816 78
3484 377818
3082 376847
19113 39
3691 319395
3378 388000
5 1
3404 378922
3030 301166
12073 23
12517 40
3153 307324
9 2
264549 147670
62943 620656
249320 156690
401880 97208
164251 237843
257999 151419
152007 257001
215440 181331
325851 119889
3 1
68231 57386
381090 625947
834088 39292
9 6
939464 94406
130872 677693
503583 176120
189277 468578
330954 267986
837498 105900
690208 128499
292816 302890
91011 974509
4 2
605173 27320
42884 385536
260052 63577
92577 178590
6 3
17791 92
3499 396224
3524 307641
3599 354472
17772 51
3504 359597
7 3
318548 159615
451719 112559
756465 67214
478177 106331
80093 634825
106139 479042
441574 115145
3 2
71507 912170
296098 220287
69231 942158
5 3
612653 841703
168939 797874
907196 909266
168413 467052
577461 20933
8 2
240000 99
26775 2473
24600 2080
28399 2165
24260 2942
23788 2763
251519 56
20894 2845
10 5
76580 570479
274578 159107
137780 317080
924579 47251
299470 145882
745644 58590
59257 737251
163212 267672
873117 50036
610823 71522
5 2
3171 392803
3052 368059
16144 49
18320 77
3677 360363
7 3
371217 208809
309393 707290
35256 234690
439730 901968
224152 557072
858788 631522
308732 629485
9 5
339888 589920
55535 576793
963166 465178
893774 729107
931903 23181
2907 7046
87112 128978
742914 444699
628284 730938
10 3
3405 328454
3019 360183
3105 361368
3389 351682
10041 99
16970 26
3932 325313
3323 323748
3075 383870
17837 46
9 4
169266 443272
328176 228630
292816 256239
275635 272211
336196 223176
695987 107805
350438 214106
95279 787486
155497 482523
9 3
243923 206490
384014 131161
199710 252204
257643 195494
556180 90560
158508 317761
101569 495896
84642 595067
145102 347119
4 1
631724 405651
777833 294333
349220 637886
278507 759710
7 3
28847 2426
20595 2251
22415 2065
248009 6
21615 2895
20261 2504
258545 16
3 1
583842 826355
641669 839001
854358 975160
2 1
153832 558016
336335 816227
8 5
77418 111972
27324 317254
475881 18216
19096 453951
100878 85932
872712 9933
51612 167958
671832 12903
9 5
25547 2090
273207 76
243344 94
27739 2647
29473 2460
29901 2347
23414 2110
28113 2351
20692 2270
2 1
3617 352524
13265 85
4 1
24438 2744
25817 2952
294789 53
20128 2315
5 3
28604 2180
277611 37
21688 2502
209706 87
28696 2855
9 5
9044 637362
11832 487179
41514 138852
7854 733932
21318 270396
9324 618222
16872 341649
13566 424908
249084 23142
10 10
1000000 1000000
1000000 1000000
1000000 1000000
1000000 1000000
1000000 1000000
1000000 1000000
1000000 1000000
1000000 1000000
1000000 1000000
1000000 1000000
9 5
951762 24012
572373 39928
657169 34776
29512 774387
201756 113274
79373 287928
190791 119784
351509 65016
84796 269514
8 4
7427 131782
347401 493003
229244 405039
364755 18987
738270 771387
638519 291440
926084 161428
268387 428711
8 5
70004 449442
34452 913234
80388 391386
54868 573426
222138 141636
44892 700854
92278 340956
99876 315018
9 4
21689 2533
26128 2738
27818 2259
218269 57
26164 2012
27749 2142
26093 2111
21445 2506
211136 52
4 1
433190 108848
49337 955710
232627 202693
199238 236661
6 3
29577 2120
23422 2294
27622 2010
282228 69
28867 2424
214466 34
10 4
28168 2881
27486 2507
263956 42
225541 94
280963 93
27021 2696
24238 2899
26866 2580
28155 2518
27126 2490
7 4
92004 102942
294462 32164
58824 161007
131733 71896
98154 96492
46002 205884
74046 127908
4 2
365326 4007
246747 755995
265602 350500
510333 615920
10 6
27836 2344
214422 70
23689 2149
28890 2344
257919 61
25492 2905
20313 2632
24665 2938
289352 90
21905 2996
10 7
25049 2440
24992 2586
23308 2371
25189 2834
26404 2322
22985 2391
24005 2459
297341 20
235940 18
292917 22
6 2
280718 961599
665342 665145
947894 772654
45830 739348
397513 712119
446262 437058
4 3
382571 53352
35991 567112
652023 31304
411768 49569
10 7
3709 381290
3785 338716
3163 379185
3208 312581
3736 363532
3886 310146
13502 2
15244 5
15003 69
3494 352526
3 2
208104 11781
748374 3276
19656 124729
3 1
122046 584758
76606 931616
629953 113290
8 4
3167 385981
3561 389414
18887 36
3273 353372
15352 77
3151 374348
3639 376745
3663 375201
7 4
3548 363066
3147 307942
17185 94
3161 315691
3252 313660
10302 87
3404 341233
3 1
17508 57
3787 327259
3210 390648
8 4
521374 267124
553819 272316
394373 114011
37774 130046
905283 45456
389603 633920
484421 246492
767960 11031
4 3
81016 126063
220248 46371
24518 416556
850668 12006
5 1
290575 17
29454 2373
225167 69
25174 2598
20988 2322
6 1
3091 340822
3341 315882
16410 39
13340 47
3108 381060
3279 333617
7 1
118162 394891
621419 75088
135048 345515
704659 66218
242650 192298
186289 250477
88039 530005
4 3
13662 179452
5423 452088
56511 43384
8316 294814
8 6
20883 2568
207168 51
274988 3
29974 2992
26043 2371
29619 2205
21000 2631
23881 2300
9 2
11776 12
3505 306792
3192 328192
19378 39
3006 331739
3955 378114
3115 384028
3731 347572
3685 389534
3 2
952099 300239
231317 487559
476372 825400
8 3
52059 938220
248598 196473
301905 161782
373919 130624
96092 508292
634561 76971
208001 234820
846085 57728
4 3
19524 64
3429 339651
3689 302438
3406 369809
4 2
3361 392418
3933 345968
3033 333374
17978 87
8 6
21530 2457
28305 2399
29088 2024
28475 2265
20858 2254
239052 7
250028 63
22678 2364
10 6
642216 658441
455716 281011
286593 372770
806583 714889
508967 924601
224916 736622
226467 719583
424980 204987
819144 43400
929687 426579
5 2
175639 320516
519433 108378
58323 965230
418984 134361
107793 522252
2 1
262672 53
20842 2584
9 5
586872 2737
31122 51612
78936 20349
15444 104006
54648 29393
552552 2907
2584 621621
3553 452088
213486 7524
5 3
574340 588132
776927 505617
863432 906179
269992 665226
71699 491928
9 3
966896 780729
335741 408970
57885 871831
999923 790070
470080 761129
500730 852409
874766 394678
183847 467191
257 418370
9 5
8602 186732
361284 4446
26334 60996
21736 73899
289731 5544
122094 13156
35581 45144
18088 88803
9108 176358
10 2
206093 594466
525242 168389
578477 847398
790551 978164
67024 613983
873717 856402
347842 246949
410646 890137
864407 479508
3910 813252
9 5
51578 504252
59409 437784
48093 540792
56028 464202
43401 599256
45288 574287
449442 57868
42228 615902
82041 317016
7 4
51987 540792
878787 31992
66526 422604
313131 89784
180264 155961
105183 267288
147963 190008
2 1
498990 71434
626888 56860
6 4
71208 605283
321678 133988
905464 47601
137256 314019
976948 44118
394611 109224
4 1
507253 49216
105109 237515
131653 189627
63068 395842
7 4
57681 223944
634508 20358
203112 63597
383656 33669
437697 29512
883779 14616
77314 167076
5 2
16056 99
3811 338431
3361 338228
3663 345804
10810 63
10 4
15748 75
3577 308403
10021 68
3758 382831
3354 311621
3864 326611
3807 345838
3012 309562
3005 358388
11769 89
5 3
973176 30303
206271 142968
78884 373842
53406 552188
177489 166152
3 2
950457 33196
230723 136750
178026 177229
7 3
800090 184372
633493 421913
774381 944649
897437 168734
998864 743856
16712 365474
200456 313536
5 3
244314 84
23732 2589
25508 2534
204859 65
21749 2218
7 5
318467 286002
450956 864998
10882 757516
514393 838775
522211 841434
122874 456302
372744 398591
10 6
605728 52296
455747 69506
230448 137459
256780 123363
51039 620646
65949 480328
477641 66320
246901 128299
379558 83458
315252 100482
9 3
27436 2915
28919 2238
25110 2730
22331 2881
24764 2167
253106 81
227755 14
25968 2173
27087 2877
9 5
21752 2914
23061 2693
240276 91
29413 2326
25045 2807
24307 2333
26271 2415
27908 2288
243772 64
1 1
1 1
8 2
461591 188645
108810 800265
472889 184138
109426 795760
183834 473671
185798 468664
175573 495958
222903 390649
7 4
615384 36859
32472 698523
681318 33292
330484 68634
104632 216783
483923 46872
350427 64728
