100
2 1
100 20
200 10
2 2
100 20
200 10
3 2
100 10
100 10
100 10
4 2
9 3
7 1
10 1
8 4
8 5
497030 299026
966960 896688
678166 858597
335771 322093
798616 334591
932722 534193
683792 343895
596975 172841
9 5
143964 403522
202616 286713
345247 168264
68628 846486
327918 177156
282162 205884
211603 274536
71982 807044
101308 573426
5 1
492067 748056
975703 853880
586558 774779
687873 856744
333308 101738
7 2
12792 75
3817 327652
3560 368757
3170 358051
3728 399330
3900 301312
10483 66
4 1
3919 332672
3203 332543
3311 376536
17428 68
6 3
739131 132974
620507 158395
208178 472121
611063 160843
166695 589611
177071 555061
4 3
218342 282390
93023 662821
273104 225766
696822 88484
3 1
837584 51616
417087 103654
157903 273793
7 2
3844 304093
3031 376208
19114 34
3412 375183
3179 313467
3428 349350
11304 56
5 3
3459 390428
3530 331198
3035 349856
18737 47
12014 90
6 2
275976 652648
19652 13336
254824 788025
354054 822656
727130 638625
608059 728106
6 1
649421 134865
419935 208566
198074 442179
138864 630719
962273 91018
223942 391102
4 2
3997 326302
16812 55
3009 314136
3236 387430
9 6
3219 332570
3768 320309
16638 88
18818 30
3872 311985
3673 328219
3442 333590
3882 304945
3365 371103
3 2
24531 359352
519064 16983
98124 89838
5 2
520577 258568
12446 128987
249720 648513
265791 527028
523469 22989
2 1
297479 19
21857 2439
5 3
17626 70
3566 330827
13484 10
3320 340455
3380 309706
8 5
226044 57646
15561 837384
354978 36708
905464 14391
259407 50232
475272 27417
19803 658008
339549 38376
4 1
26406 2427
27797 2066
27524 2755
296670 52
4 2
22236 2998
249290 36
21158 2459
29421 2968
6 1
442957 207793
200143 459888
243577 377882
190701 482658
226705 406005
273086 337049
8 5
3350 378379
3617 307083
3641 357045
11838 41
3432 343171
3735 366259
3440 377195
11031 29
2 2
105651 233864
155961 158424
3 1
23885 2728
226957 8
22432 2617
5 3
13662 388892
23598 225148
868428 6118
37582 141372
173052 30702
10 10
1000000 1000000
1000000 1000000
1000000 1000000
1000000 1000000
1000000 1000000
1000000 1000000
1000000 1000000
1000000 1000000
1000000 1000000
1000000 1000000
2 1
527792 799444
299610 158954
2 1
574411 214230
927501 217384
9 6
10244 47
3528 334111
13639 89
3437 390171
3131 381297
3945 347141
3837 319691
3547 353265
3442 329507
3 1
3543 348185
3143 374145
16733 49
4 3
274494 68
28859 2788
26300 2749
23683 2742
7 4
3032 381671
17572 71
3814 306342
3092 352242
3114 394253
3802 367146
16219 81
6 3
41617 730123
52158 582567
325299 93408
272648 111446
115859 262263
260373 116700
2 2
264132 66822
142968 123453
2 1
14698 92
3737 369099
3 1
279460 84
24128 2473
22589 2292
2 2
333684 74046
190404 129766
7 1
24170 2379
21850 2283
24085 2153
25717 2106
242803 25
29811 2785
221879 57
7 4
94424 82593
654588 11914
79002 98716
77256 100947
259578 30044
247863 31464
20424 381843
9 4
132120 554886
928429 78963
709826 103281
303315 241701
440180 166549
117765 622524
345695 212070
472816 155053
76402 959550
10 7
520415 550312
851845 500959
438458 856090
509661 361370
728357 957991
928666 428953
758347 766086
923114 781822
247300 594005
922810 607749
5 3
80388 327918
137268 192038
66584 395901
888552 29667
35991 732424
10 6
223944 145521
71208 457653
62307 523032
48507 671832
74214 439116
151962 214452
44548 731538
154413 211048
227943 142968
150328 216783
2 1
757044 739296
174059 905741
3 1
34172 776987
580278 45756
103530 256459
9 3
900088 52402
70762 666550
159029 296590
91683 514451
54518 865153
302128 156114
701902 67198
276116 170821
297578 158501
1 1
1 1
9 2
514643 675750
40676 654218
602033 428692
901859 560661
604730 301836
477293 705634
305704 306344
867087 612516
285666 116517
6 2
811684 40792
298011 111104
220076 150449
575950 57488
829248 39928
478043 69262
8 5
34916 131274
230724 19866
8127 563992
684216 6699
826761 5544
25636 178794
15834 289476
35217 130152
6 4
476748 19866
301473 31416
10098 937916
24123 392616
231363 40936
263466 35948
8 3
3584 338765
3007 306609
3145 397949
3094 354523
3429 324105
17018 20
10995 46
3987 307555
9 6
132650 258115
36570 936258
85833 398902
120734 283590
52860 647729
992491 34498
34329 997377
109219 313489
716476 47788
2 1
657882 503208
460906 560869
4 1
27144 2706
23045 2356
283388 73
29450 2241
6 4
554001 10296
153846 37076
786324 7254
333333 17112
87048 65527
18018 316572
8 6
20294 2199
20932 2534
27841 2836
24180 2138
28552 2105
270037 42
26030 2279
268259 23
2 1
404790 192546
713057 109305
3 1
29626 2830
243012 35
29790 2195
3 1
18817 675801
14698 865189
65190 195069
7 2
627258 185487
335187 795108
885804 762036
18462 72400
472945 380591
769350 811277
189846 813320
10 6
175644 183954
213624 151249
604996 53406
91512 353073
53406 604996
162196 199206
552636 58466
218612 147798
907902 35588
48093 671832
5 2
299703 525602
223381 497345
305724 279023
793981 635184
913966 627406
10 6
107373 582470
522767 767183
692160 445889
37061 630445
20078 532983
698332 798656
284144 547689
490782 708618
550142 384933
658476 232933
6 3
62425 255939
535422 29840
30984 515653
140052 114079
119582 133607
16934 943486
6 4
134757 180728
442308 55062
574287 42408
752514 32364
53382 456228
42021 579576
5 2
24481 2790
28549 2723
275348 62
231050 97
29860 2512
2 1
3974 342832
13701 41
8 6
51147 26314
631662 478410
58855 783218
842286 160209
922521 767419
708582 391174
769745 136994
79456 820964
5 2
3158 344187
3452 337315
17225 41
3846 375293
16634 14
7 2
819406 96524
85624 923717
610964 129455
531531 148801
81236 973612
790157 100097
81548 969887
8 5
29144 2959
296991 99
23021 2337
20016 2844
26305 2270
273864 74
22716 2449
25135 2524
6 1
401791 16702
12166 719302
572162 643001
442442 616549
781318 35492
750396 716603
8 3
21923 2136
27976 2183
22812 2380
26351 2432
249406 25
237459 44
24826 2145
24652 2502
3 2
205884 121278
727668 34314
813276 30702
8 5
56637 719304
56916 715778
983754 41412
275094 148092
796824 51127
695826 58548
209496 194463
46872 869159
9 3
193291 380828
431567 962025
328075 982532
601433 152250
417291 662886
733628 659060
227203 272992
784881 90910
850866 530084
3 1
20552 2606
26821 2351
230771 17
8 5
701592 46053
169694 190404
49266 655836
75276 429226
269739 119784
55986 577116
364941 88536
763623 42312
2 1
26971 2413
232804 26
9 4
21017 2675
209730 43
29285 2717
218377 30
23822 2194
21200 2274
29045 2012
27595 2045
27111 2856
7 4
117304 56511
519064 12771
727818 9108
778596 8514
207948 31878
415896 15939
21252 311922
10 2
279633 100
27040 2020
27532 2798
22538 2348
26877 2524
21707 2181
243148 99
27569 2966
20480 2829
242833 16
6 1
12343 816723
28137 358276
533207 18906
10774 935661
20014 503688
43183 233444
8 4
3310 311590
3015 359713
14172 61
3424 353496
3665 371065
3046 393340
14209 55
3239 352224
10 5
568091 720639
584211 308192
978031 693337
745866 312584
44386 459001
893851 658816
864104 953099
205501 433704
741763 781417
966534 902953
5 1
481108 151197
246795 294747
240554 302394
80932 898805
341259 213158
8 4
494547 703535
902066 412738
260224 534233
202307 398987
714837 437029
492388 161244
769856 459081
444611 259614
7 3
3725 302887
15119 11
3477 373778
10863 62
3559 356017
3703 398366
3642 329312
9 4
214808 24
29785 2918
22952 2973
23873 2594
27033 2775
23649 2497
22286 2744
28708 2127
246763 84
4 3
3183 332760
14745 7
3949 360596
3325 365487
3 1
112106 319092
158589 225565
675698 52941
9 4
56241 711685
371209 30752
586342 20069
168202 200869
684064 520501
318840 160302
961898 980390
444668 702483
758154 551906
5 3
14507 79
3752 359893
3230 335413
3249 300793
10524 44
3 2
407336 157881
436084 147473
816021 78810
