100
2 1
500 300
900
660
2 1
500 300
1500
809
2 2
50 100
450 449
1100 1101
2 1
500 300
300
500
1 8
10
11 13 17 11 16 14 12 18
2 8
8 5
2223 5953 1635 2880 4800 5840 800 4316
2200 3000 3615 1431 2395 3503 1029 500
1 2
2
2492 2600
1 7
8
3126 4944 1600 807 5600 4255 2160
2 4
6 5
1631 1200 2160 591
1401 513 1000 2200
2 4
1 10
1540 1389 1499 1477
13080 13805 12600 14289
2 4
4 2
36 4 4 16
8 22 2 2
1 5
242076
445001 786277 924294 906433 987151
1 1
1
2
1 6
6
2420 2211 2297 2270 2160 2424
1 4
315632
495884 965314 972259 790948
2 8
1 1
1000000 999999 999998 999997 999996 999995 999994 999993
999992 999991 999990 999989 999988 999987 999986 999985
1 5
9
2463 3780 990 4500 1688
1 3
1
2471 363 547
1 8
6
1080 1314 1200 1080 1224 1269 1320 1221
1 4
1
1430 1299 1359 1205
2 2
9 1
2700 2581
274 300
2 2
6 8
1800 8959
2400 11449
1 2
7
17555 2100
1 8
10
4 5 6 1 3 2 7 8
1 4
7
2927 732 1400 2005
2 8
4 9
4 4 44 4 4 4 4 44
9 9 9 9 81 9 9 81
1 5
275998
952558 864260 729485 966016 862305
1 3
1000000
900000 899999 900001
2 8
3 8
3630 3300 3512 3505 3185 3630 3300 3373
8800 9174 7920 8800 7920 8952 9216 8001
1 4
1
8 4 7 9
1 7
332741
999994 980150 911855 990296 714022 758755 665323
1 2
8
1496 800
2 3
10 1
1841 1082 2700
330 110 182
2 8
238587 351834
487645 763535 749433 327334 643769 999865 586428 790446
985207 674390 743995 905965 602240 607233 990137 680644
2 8
4 5
44 4 32 28 8 28 36 32
5 44 33 35 55 41 10 45
2 6
3 1
2400 2340 2401 2285 2640 2555
738 808 800 826 720 792
2 1
6 6
6514
6769
2 7
3 6
810 2100 1789 600 1302 1395 285
2584 1980 2729 1200 609 4200 3903
2 2
5 5
1410 1475
1475 1493
1 8
10
20700 24049 18700 2829 25000 14000 22293 16231
1 2
3
3 3
2 2
9 2
19800 13860
2520 4400
2 8
9 2
9 9 99 9 9 9 9 99
2 2 2 2 2 2 18 18
1 7
4
2301 2606 2400 2640 2383 2400 2640
2 4
6 1
660 660 600 607
100 106 97 90
1 1
10
28
2 8
7 2
42 21 38 77 77 48 53 7
13 6 18 10 18 12 2 15
1 8
3
1978 1800 1873 1684 1786 1980 1950 1980
1 3
1
423 2400 745
2 8
7 1
77 7 13 7 22 46 63 35
2 1 6 5 11 1 9 3
2 8
8 9
16498 16776 17800 15120 15921 16824 16076 18480
20790 17559 17854 17010 20606 18873 18927 18046
1 5
75248
623329 579251 978385 757929 877890
2 8
2 7
3618 2600 5000 1620 383 1908 3424 4145
14375 6617 12001 6930 1312 17500 9100 14193
2 6
9 6
19686 19800 18929 19347 21780 21277
13200 11916 11880 13335 12508 12970
1 2
1
2248 2222
1 7
5
5 5 55 5 5 5 5
1 5
235412
675724 877680 999864 890597 821398
2 5
9 5
43 9 54 99 26
45 23 5 30 14
1 1
1
6
1 8
2
431 800 200 1179 1706 900 1388 634
2 1
4 6
7571
10683
2 5
2 4
1990 2082 1934 1880 2200
4189 3600 4373 3617 3980
2 8
3 5
5076 810 5280 3668 900 3580 4733 3000
5000 1500 7200 5404 1650 8691 6285 7517
2 7
9 7
944 3600 5879 1620 6930 4275 2626
2800 3416 1942 725 4226 4410 1540
1 1
7
17474
2 5
1 7
4 4 6 4 11
30 42 63 28 28
2 4
8 7
32 32 56 55
27 28 47 52
2 7
1 3
100 641 685 270 531 200 400
327 990 1912 1404 1200 586 1852
2 5
426658 74810
689022 896947 926966 770184 964791
918132 392884 444837 641404 788461
1 3
7
16247 16043 14899
2 5
135508 210436
816170 690174 752326 388756 257617
987746 928995 864951 977512 884193
2 8
387236 100033
835643 978264 498795 469617 711699 964952 619224 808604
961470 760063 931372 971168 517155 951359 755474 416905
2 1
6 9
2815
4413
1 1
1
100
1 5
207816
742428 863028 971850 603908 637107
1 6
9
18 33 9 19 81 63
2 8
9 2
12870 22741 2700 10708 4050 13058 7898 9900
3021 600 2340 2350 1654 1100 2200 5107
2 6
10 6
21594 23739 21444 24674 25410 23020
15027 13904 12474 12699 13812 12456
2 8
7 2
11734 11900 11045 13090 11900 12521 11734 10710
3136 3686 3575 3740 3080 3060 3400 3400
1 8
4
1800 400 2687 2400 1649 3258 800 1201
2 6
1 5
734 630 700 683 719 643
3607 3500 3249 3850 3724 3198
1 4
10
3834 21000 5775 26129
1 6
4
11000 9992 9000 9161 10941 9618
2 1
243405 184379
544903
330016
1 6
1
639 709 746 661 700 770
2 5
1 2
11 1 1 1 1
2 2 2 18 2
2 8
10 9
20445 24310 23116 24310 22000 21592 24051 22096
17901 20042 20875 18689 18251 19800 17901 20658
2 1
15892 191519
675707
391618
2 6
1 3
575 537 637 649 602 540
1958 1663 1799 1953 1806 1980
1 1
278663
918164
2 8
3 4
4014 4212 4215 4286 3978 4620 4563 4298
6086 5616 5620 5589 5040 5989 5784 5651
2 8
241021 291806
938014 960566 741180 579644 998433 480834 825173 970493
924722 527066 948450 512117 753684 592267 462637 723775
1 6
111465
748612 927876 526690 964901 717625 935676
1 2
2
2200 2880
2 8
8 9
1440 758 4408 2400 6400 6160 3425 4371
7200 5239 2700 824 3819 1980 5670 4634
2 8
5 7
5 5 55 5 5 5 55 5
63 7 7 7 7 7 63 7
1 4
9
28 18 99 26
2 2
2 1
13 12
6 6
1 6
2
1591 800 3547 1800 1938 4320
2 8
3 10
3477 6900 3240 3510 7178 6900 3740 4055
23000 13554 12549 13200 14300 23000 26865 11231
